2.348170638398953611e-02
8.918824056945247047e-01
8.763255876505319231e-01
6.954840788505194382e-01
6.590325284532450034e-01
6.444671005027938770e-01
6.343773985839138430e-01
6.207706242906502192e-01
6.106538677881037103e-01
6.017988371060308816e-01
5.900509171013699206e-01
5.825552140168986925e-01
5.758939833616130155e-01
5.693569262567343969e-01
5.616506674257858434e-01
5.546786697463162996e-01
5.481808337386520069e-01
5.461676239926841481e-01
5.374372845595252191e-01
5.345790287304753585e-01
5.277315522282035598e-01
5.252257379721585462e-01
5.195933507237688875e-01
5.152304116955024327e-01
5.149666359350615341e-01
5.114696025503362442e-01
5.063214655998325986e-01
5.048607725468922114e-01
5.001493022951789547e-01
4.974850182438896318e-01
4.946730229990456973e-01
4.937296727785988049e-01
4.902596751885490711e-01
4.886699838456951550e-01
4.843040792485728274e-01
4.837168886219606612e-01
4.776819342564823101e-01
4.759068739569983220e-01
4.756574138855600986e-01
4.707302912571344478e-01
4.705994346905898462e-01
4.654447930631532282e-01
4.626848708391474441e-01
4.615733011863283330e-01
4.571252125130076394e-01
4.547122151062701345e-01
4.536311334318449684e-01
4.498751282177400612e-01
4.481346449279500765e-01
4.464676007551247050e-01
